0.001000 	 25.001249 	 19.900249 	 
0.002000 	 25.004988 	 19.801046 	 
0.003000 	 25.011200 	 19.702436 	 
0.004000 	 25.019873 	 19.604464 	 
0.005000 	 25.030993 	 19.507172 	 
0.006000 	 25.044544 	 19.410601 	 
0.007000 	 25.060514 	 19.314793 	 
0.008000 	 25.078888 	 19.219788 	 
0.009000 	 25.099649 	 19.125626 	 
0.010000 	 25.122782 	 19.032343 	 
0.011000 	 25.148270 	 18.939976 	 
0.012000 	 25.176098 	 18.848558 	 
0.013000 	 25.206249 	 18.758127 	 
0.014000 	 25.238705 	 18.668715 	 
0.015000 	 25.273449 	 18.580351 	 
0.016000 	 25.310465 	 18.493071 	 
0.017000 	 25.349733 	 18.406902 	 
0.018000 	 25.391235 	 18.321875 	 
0.019000 	 25.434954 	 18.238018 	 
0.020000 	 25.480869 	 18.155359 	 
0.021000 	 25.528961 	 18.073923 	 
0.022000 	 25.579212 	 17.993738 	 
0.023000 	 25.631601 	 17.914827 	 
0.024000 	 25.686108 	 17.837217 	 
0.025000 	 25.742710 	 17.760929 	 
0.026000 	 25.801390 	 17.685987 	 
0.027000 	 25.862123 	 17.612413 	 
0.028000 	 25.924889 	 17.540230 	 
0.029000 	 25.989664 	 17.469456 	 
0.030000 	 26.056427 	 17.400110 	 
0.031000 	 26.125154 	 17.332214 	 
0.032000 	 26.195822 	 17.265787 	 
0.033000 	 26.268406 	 17.200848 	 
0.034000 	 26.342882 	 17.137411 	 
0.035000 	 26.419226 	 17.075497 	 
0.036000 	 26.497410 	 17.015121 	 
0.037000 	 26.577410 	 16.956301 	 
0.038000 	 26.659199 	 16.899050 	 
0.039000 	 26.742750 	 16.843386 	 
0.040000 	 26.828035 	 16.789322 	 
0.041000 	 26.915026 	 16.736874 	 
0.042000 	 27.003693 	 16.686054 	 
0.043000 	 27.094006 	 16.636879 	 
0.044000 	 27.185936 	 16.589359 	 
0.045000 	 27.279451 	 16.543509 	 
0.046000 	 27.374521 	 16.499342 	 
0.047000 	 27.471111 	 16.456869 	 
0.048000 	 27.569191 	 16.416103 	 
0.049000 	 27.668724 	 16.377058 	 
0.050000 	 27.769676 	 16.339743 	 
0.051000 	 27.872013 	 16.304171 	 
0.052000 	 27.975698 	 16.270351 	 
0.053000 	 28.080694 	 16.238297 	 
0.054000 	 28.186962 	 16.208017 	 
0.055000 	 28.294464 	 16.179523 	 
0.056000 	 28.403160 	 16.152826 	 
0.057000 	 28.513010 	 16.127935 	 
0.058000 	 28.623970 	 16.104860 	 
0.059000 	 28.736000 	 16.083612 	 
0.060000 	 28.849054 	 16.064199 	 
0.061000 	 28.963089 	 16.046633 	 
0.062000 	 29.078058 	 16.030920 	 
0.063000 	 29.193916 	 16.017073 	 
0.064000 	 29.310614 	 16.005098 	 
0.065000 	 29.428102 	 15.995006 	 
0.066000 	 29.546333 	 15.986803 	 
0.067000 	 29.665255 	 15.980499 	 
0.068000 	 29.784813 	 15.976104 	 
0.069000 	 29.904957 	 15.973623 	 
0.070000 	 30.025631 	 15.973066 	 
0.071000 	 30.146780 	 15.974442 	 
0.072000 	 30.268347 	 15.977756 	 
0.073000 	 30.390274 	 15.983016 	 
0.074000 	 30.512501 	 15.990231 	 
0.075000 	 30.634970 	 15.999406 	 
0.076000 	 30.757618 	 16.010550 	 
0.077000 	 30.880383 	 16.023666 	 
0.078000 	 31.003199 	 16.038763 	 
0.079000 	 31.126003 	 16.055847 	 
0.080000 	 31.248730 	 16.074923 	 
0.081000 	 31.371309 	 16.095995 	 
0.082000 	 31.493675 	 16.119068 	 
0.083000 	 31.615757 	 16.144148 	 
0.084000 	 31.737484 	 16.171238 	 
0.085000 	 31.858786 	 16.200342 	 
0.086000 	 31.979588 	 16.231464 	 
0.087000 	 32.099815 	 16.264606 	 
0.088000 	 32.219395 	 16.299770 	 
0.089000 	 32.338249 	 16.336958 	 
0.090000 	 32.456303 	 16.376171 	 
0.091000 	 32.573479 	 16.417410 	 
0.092000 	 32.689697 	 16.460672 	 
0.093000 	 32.804878 	 16.505960 	 
0.094000 	 32.918938 	 16.553270 	 
0.095000 	 33.031799 	 16.602600 	 
0.096000 	 33.143379 	 16.653946 	 
0.097000 	 33.253593 	 16.707302 	 
0.098000 	 33.362362 	 16.762665 	 
0.099000 	 33.469601 	 16.820028 	 
0.100000 	 33.575226 	 16.879385 	 
0.101000 	 33.679150 	 16.940727 	 
0.102000 	 33.781288 	 17.004044 	 
0.103000 	 33.881561 	 17.069324 	 
0.104000 	 33.979877 	 17.136559 	 
0.105000 	 34.076157 	 17.205730 	 
0.106000 	 34.170311 	 17.276827 	 
0.107000 	 34.262257 	 17.349833 	 
0.108000 	 34.351910 	 17.424728 	 
0.109000 	 34.439186 	 17.501497 	 
0.110000 	 34.524002 	 17.580116 	 
0.111000 	 34.606274 	 17.660564 	 
0.112000 	 34.685917 	 17.742817 	 
0.113000 	 34.762856 	 17.826849 	 
0.114000 	 34.837006 	 17.912632 	 
0.115000 	 34.908287 	 18.000137 	 
0.116000 	 34.976624 	 18.089334 	 
0.117000 	 35.041939 	 18.180189 	 
0.118000 	 35.104160 	 18.272665 	 
0.119000 	 35.163212 	 18.366726 	 
0.120000 	 35.219021 	 18.462332 	 
0.121000 	 35.271519 	 18.559441 	 
0.122000 	 35.320641 	 18.658009 	 
0.123000 	 35.366318 	 18.757988 	 
0.124000 	 35.408489 	 18.859333 	 
0.125000 	 35.447094 	 18.961990 	 
0.126000 	 35.482075 	 19.065908 	 
0.127000 	 35.513378 	 19.171032 	 
0.128000 	 35.540951 	 19.277304 	 
0.129000 	 35.564747 	 19.384663 	 
0.130000 	 35.584721 	 19.493046 	 
0.131000 	 35.600826 	 19.602390 	 
0.132000 	 35.613029 	 19.712626 	 
0.133000 	 35.621296 	 19.823685 	 
0.134000 	 35.625591 	 19.935495 	 
0.135000 	 35.625893 	 20.047983 	 
0.136000 	 35.622173 	 20.161072 	 
0.137000 	 35.614418 	 20.274681 	 
0.138000 	 35.602612 	 20.388731 	 
0.139000 	 35.586742 	 20.503139 	 
0.140000 	 35.566803 	 20.617821 	 
0.141000 	 35.542797 	 20.732689 	 
0.142000 	 35.514725 	 20.847654 	 
0.143000 	 35.482594 	 20.962626 	 
0.144000 	 35.446415 	 21.077511 	 
0.145000 	 35.406208 	 21.192217 	 
0.146000 	 35.361996 	 21.306648 	 
0.147000 	 35.313801 	 21.420708 	 
0.148000 	 35.261658 	 21.534296 	 
0.149000 	 35.205601 	 21.647316 	 
0.150000 	 35.145672 	 21.759666 	 
0.151000 	 35.081917 	 21.871248 	 
0.152000 	 35.014385 	 21.981958 	 
0.153000 	 34.943130 	 22.091696 	 
0.154000 	 34.868210 	 22.200359 	 
0.155000 	 34.789688 	 22.307844 	 
0.156000 	 34.707634 	 22.414049 	 
0.157000 	 34.622120 	 22.518873 	 
0.158000 	 34.533222 	 22.622215 	 
0.159000 	 34.441017 	 22.723972 	 
0.160000 	 34.345592 	 22.824045 	 
0.161000 	 34.247036 	 22.922335 	 
0.162000 	 34.145435 	 23.018744 	 
0.163000 	 34.040890 	 23.113174 	 
0.164000 	 33.933491 	 23.205534 	 
0.165000 	 33.823345 	 23.295727 	 
0.166000 	 33.710552 	 23.383663 	 
0.167000 	 33.595219 	 23.469254 	 
0.168000 	 33.477455 	 23.552412 	 
0.169000 	 33.357372 	 23.633055 	 
0.170000 	 33.235081 	 23.711098 	 
0.171000 	 33.110699 	 23.786465 	 
0.172000 	 32.984341 	 23.859079 	 
0.173000 	 32.856125 	 23.928869 	 
0.174000 	 32.726170 	 23.995764 	 
0.175000 	 32.594597 	 24.059698 	 
0.176000 	 32.461525 	 24.120611 	 
0.177000 	 32.327076 	 24.178442 	 
0.178000 	 32.191372 	 24.233137 	 
0.179000 	 32.054539 	 24.284647 	 
0.180000 	 31.916693 	 24.332922 	 
0.181000 	 31.777958 	 24.377922 	 
0.182000 	 31.638454 	 24.419607 	 
0.183000 	 31.498302 	 24.457941 	 
0.184000 	 31.357622 	 24.492895 	 
0.185000 	 31.216532 	 24.524443 	 
0.186000 	 31.075150 	 24.552563 	 
0.187000 	 30.933590 	 24.577236 	 
0.188000 	 30.791969 	 24.598452 	 
0.189000 	 30.650400 	 24.616198 	 
0.190000 	 30.508993 	 24.630470 	 
0.191000 	 30.367859 	 24.641270 	 
0.192000 	 30.227104 	 24.648600 	 
0.193000 	 30.086832 	 24.652466 	 
0.194000 	 29.947147 	 24.652882 	 
0.195000 	 29.808151 	 24.649860 	 
0.196000 	 29.669941 	 24.643423 	 
0.197000 	 29.532612 	 24.633593 	 
0.198000 	 29.396255 	 24.620398 	 
0.199000 	 29.260965 	 24.603867 	 
0.200000 	 29.126827 	 24.584034 	 
0.201000 	 28.993927 	 24.560936 	 
0.202000 	 28.862347 	 24.534615 	 
0.203000 	 28.732166 	 24.505114 	 
0.204000 	 28.603462 	 24.472481 	 
0.205000 	 28.476307 	 24.436764 	 
0.206000 	 28.350773 	 24.398016 	 
0.207000 	 28.226929 	 24.356291 	 
0.208000 	 28.104839 	 24.311647 	 
0.209000 	 27.984568 	 24.264145 	 
0.210000 	 27.866175 	 24.213844 	 
0.211000 	 27.749716 	 24.160810 	 
0.212000 	 27.635248 	 24.105110 	 
0.213000 	 27.522821 	 24.046810 	 
0.214000 	 27.412485 	 23.985979 	 
0.215000 	 27.304287 	 23.922688 	 
0.216000 	 27.198269 	 23.857006 	 
0.217000 	 27.094475 	 23.789009 	 
0.218000 	 26.992943 	 23.718771 	 
0.219000 	 26.893709 	 23.646366 	 
0.220000 	 26.796810 	 23.571871 	 
0.221000 	 26.702276 	 23.495359 	 
0.222000 	 26.610138 	 23.416912 	 
0.223000 	 26.520424 	 23.336603 	 
0.224000 	 26.433159 	 23.254513 	 
0.225000 	 26.348366 	 23.170717 	 
0.226000 	 26.266068 	 23.085295 	 
0.227000 	 26.186285 	 22.998323 	 
0.228000 	 26.109034 	 22.909880 	 
0.229000 	 26.034332 	 22.820044 	 
0.230000 	 25.962194 	 22.728889 	 
0.231000 	 25.892633 	 22.636496 	 
0.232000 	 25.825659 	 22.542938 	 
0.233000 	 25.761282 	 22.448294 	 
0.234000 	 25.699512 	 22.352636 	 
0.235000 	 25.640356 	 22.256041 	 
0.236000 	 25.583818 	 22.158581 	 
0.237000 	 25.529903 	 22.060329 	 
0.238000 	 25.478615 	 21.961359 	 
0.239000 	 25.429955 	 21.861740 	 
0.240000 	 25.383924 	 21.761543 	 
0.241000 	 25.340523 	 21.660837 	 
0.242000 	 25.299749 	 21.559689 	 
0.243000 	 25.261600 	 21.458166 	 
0.244000 	 25.226074 	 21.356335 	 
0.245000 	 25.193167 	 21.254259 	 
0.246000 	 25.162874 	 21.152004 	 
0.247000 	 25.135189 	 21.049631 	 
0.248000 	 25.110107 	 20.947201 	 
0.249000 	 25.087620 	 20.844772 	 
0.250000 	 25.067719 	 20.742407 	 
0.251000 	 25.050396 	 20.640160 	 
0.252000 	 25.035645 	 20.538086 	 
0.253000 	 25.023453 	 20.436243 	 
0.254000 	 25.013811 	 20.334682 	 
0.255000 	 25.006708 	 20.233458 	 
0.256000 	 25.002134 	 20.132620 	 
0.257000 	 25.000076 	 20.032217 	 
0.258000 	 25.000523 	 19.932301 	 
0.259000 	 25.003462 	 19.832916 	 
0.260000 	 25.008879 	 19.734110 	 
0.261000 	 25.016762 	 19.635925 	 
0.262000 	 25.027096 	 19.538408 	 
0.263000 	 25.039867 	 19.441599 	 
0.264000 	 25.055061 	 19.345541 	 
0.265000 	 25.072662 	 19.250273 	 
0.266000 	 25.092657 	 19.155834 	 
0.267000 	 25.115028 	 19.062263 	 
0.268000 	 25.139761 	 18.969597 	 
0.269000 	 25.166838 	 18.877869 	 
0.270000 	 25.196243 	 18.787115 	 
0.271000 	 25.227959 	 18.697369 	 
0.272000 	 25.261969 	 18.608664 	 
0.273000 	 25.298256 	 18.521030 	 
0.274000 	 25.336802 	 18.434500 	 
0.275000 	 25.377586 	 18.349102 	 
0.276000 	 25.420593 	 18.264864 	 
0.277000 	 25.465803 	 18.181816 	 
0.278000 	 25.513197 	 18.099983 	 
0.279000 	 25.562756 	 18.019392 	 
0.280000 	 25.614458 	 17.940067 	 
0.281000 	 25.668285 	 17.862036 	 
0.282000 	 25.724216 	 17.785318 	 
0.283000 	 25.782230 	 17.709940 	 
0.284000 	 25.842304 	 17.635923 	 
0.285000 	 25.904419 	 17.563288 	 
0.286000 	 25.968550 	 17.492056 	 
0.287000 	 26.034676 	 17.422249 	 
0.288000 	 26.102774 	 17.353884 	 
0.289000 	 26.172819 	 17.286982 	 
0.290000 	 26.244789 	 17.221560 	 
0.291000 	 26.318661 	 17.157637 	 
0.292000 	 26.394407 	 17.095230 	 
0.293000 	 26.472002 	 17.034357 	 
0.294000 	 26.551422 	 16.975033 	 
0.295000 	 26.632639 	 16.917274 	 
0.296000 	 26.715626 	 16.861097 	 
0.297000 	 26.800356 	 16.806517 	 
0.298000 	 26.886801 	 16.753546 	 
0.299000 	 26.974932 	 16.702200 	 
0.300000 	 27.064718 	 16.652493 	 
0.301000 	 27.156132 	 16.604437 	 
0.302000 	 27.249142 	 16.558048 	 
0.303000 	 27.343716 	 16.513338 	 
0.304000 	 27.439821 	 16.470318 	 
0.305000 	 27.537426 	 16.429001 	 
0.306000 	 27.636496 	 16.389400 	 
0.307000 	 27.736996 	 16.351526 	 
0.308000 	 27.838892 	 16.315392 	 
0.309000 	 27.942148 	 16.281006 	 
0.310000 	 28.046726 	 16.248381 	 
0.311000 	 28.152590 	 16.217527 	 
0.312000 	 28.259701 	 16.188457 	 
0.313000 	 28.368017 	 16.161180 	 
0.314000 	 28.477501 	 16.135706 	 
0.314999 	 28.588110 	 16.112045 	 
0.315999 	 28.699800 	 16.090208 	 
0.316999 	 28.812531 	 16.070204 	 
0.317999 	 28.926256 	 16.052042 	 
0.318999 	 29.040932 	 16.035732 	 
0.319999 	 29.156509 	 16.021282 	 
0.320999 	 29.272943 	 16.008703 	 
0.321999 	 29.390184 	 15.998003 	 
0.322999 	 29.508183 	 15.989191 	 
0.323999 	 29.626888 	 15.982275 	 
0.324999 	 29.746248 	 15.977264 	 
0.325999 	 29.866211 	 15.974167 	 
0.326999 	 29.986721 	 15.972990 	 
0.327999 	 30.107725 	 15.973742 	 
0.328999 	 30.229164 	 15.976432 	 
0.329999 	 30.350983 	 15.981065 	 
0.330999 	 30.473122 	 15.987650 	 
0.331999 	 30.595520 	 15.996194 	 
0.332999 	 30.718119 	 16.006702 	 
0.333999 	 30.840853 	 16.019184 	 
0.334999 	 30.963661 	 16.033644 	 
0.335999 	 31.086477 	 16.050087 	 
0.336999 	 31.209236 	 16.068520 	 
0.337999 	 31.331873 	 16.088949 	 
0.338999 	 31.454317 	 16.111378 	 
0.339999 	 31.576500 	 16.135813 	 
0.340999 	 31.698351 	 16.162256 	 
0.341999 	 31.819799 	 16.190712 	 
0.342999 	 31.940771 	 16.221186 	 
0.343999 	 32.061195 	 16.253677 	 
0.344999 	 32.180992 	 16.288191 	 
0.345999 	 32.300091 	 16.324728 	 
0.346999 	 32.418411 	 16.363289 	 
0.347999 	 32.535881 	 16.403875 	 
0.348999 	 32.652416 	 16.446487 	 
0.349999 	 32.767941 	 16.491123 	 
0.350999 	 32.882370 	 16.537783 	 
0.351999 	 32.995628 	 16.586462 	 
0.352999 	 33.107632 	 16.637159 	 
0.353999 	 33.218296 	 16.689869 	 
0.354999 	 33.327541 	 16.744587 	 
0.355999 	 33.435284 	 16.801308 	 
0.356999 	 33.541439 	 16.860023 	 
0.357999 	 33.645920 	 16.920727 	 
0.358999 	 33.748646 	 16.983410 	 
0.359999 	 33.849529 	 17.048059 	 
0.360999 	 33.948486 	 17.114666 	 
0.361999 	 34.045433 	 17.183216 	 
0.362999 	 34.140282 	 17.253696 	 
0.363999 	 34.232948 	 17.326090 	 
0.364999 	 34.323349 	 17.400381 	 
0.365999 	 34.411400 	 17.476549 	 
0.366999 	 34.497017 	 17.554575 	 
0.367999 	 34.580116 	 17.634438 	 
0.368999 	 34.660618 	 17.716114 	 
0.369999 	 34.738438 	 17.799578 	 
0.370999 	 34.813496 	 17.884802 	 
0.371999 	 34.885712 	 17.971758 	 
0.372999 	 34.955006 	 18.060415 	 
0.373999 	 35.021305 	 18.150740 	 
0.374999 	 35.084530 	 18.242699 	 
0.375999 	 35.144611 	 18.336254 	 
0.376999 	 35.201473 	 18.431368 	 
0.377999 	 35.255047 	 18.527998 	 
0.378999 	 35.305264 	 18.626101 	 
0.379999 	 35.352058 	 18.725632 	 
0.380999 	 35.395367 	 18.826544 	 
0.381999 	 35.435127 	 18.928785 	 
0.382999 	 35.471283 	 19.032305 	 
0.383999 	 35.503777 	 19.137049 	 
0.384999 	 35.532558 	 19.242958 	 
0.385999 	 35.557575 	 19.349976 	 
0.386999 	 35.578785 	 19.458038 	 
0.387999 	 35.596142 	 19.567081 	 
0.388999 	 35.609608 	 19.677040 	 
0.389999 	 35.619144 	 19.787844 	 
0.390999 	 35.624722 	 19.899422 	 
0.391998 	 35.626312 	 20.011702 	 
0.392998 	 35.623890 	 20.124607 	 
0.393998 	 35.617435 	 20.238060 	 
0.394998 	 35.606934 	 20.351978 	 
0.395998 	 35.592373 	 20.466282 	 
0.396998 	 35.573746 	 20.580887 	 
0.397998 	 35.551048 	 20.695705 	 
0.398998 	 35.524281 	 20.810650 	 
0.399998 	 35.493454 	 20.925631 	 
0.400998 	 35.458576 	 21.040556 	 
0.401998 	 35.419662 	 21.155333 	 
0.402998 	 35.376736 	 21.269863 	 
0.403998 	 35.329819 	 21.384054 	 
0.404998 	 35.278942 	 21.497807 	 
0.405998 	 35.224140 	 21.611023 	 
0.406998 	 35.165451 	 21.723602 	 
0.407998 	 35.102921 	 21.835443 	 
0.408998 	 35.036598 	 21.946447 	 
0.409998 	 34.966534 	 22.056511 	 
0.410998 	 34.892784 	 22.165533 	 
0.411998 	 34.815414 	 22.273411 	 
0.412998 	 34.734489 	 22.380041 	 
0.413998 	 34.650082 	 22.485323 	 
0.414998 	 34.562263 	 22.589155 	 
0.415998 	 34.471115 	 22.691435 	 
0.416998 	 34.376717 	 22.792063 	 
0.417998 	 34.279156 	 22.890940 	 
0.418998 	 34.178524 	 22.987967 	 
0.419998 	 34.074913 	 23.083046 	 
0.420998 	 33.968422 	 23.176085 	 
0.421998 	 33.859146 	 23.266987 	 
0.422998 	 33.747192 	 23.355661 	 
0.423998 	 33.632664 	 23.442019 	 
0.424998 	 33.515671 	 23.525970 	 
0.425998 	 33.396320 	 23.607433 	 
0.426998 	 33.274727 	 23.686323 	 
0.427998 	 33.151005 	 23.762562 	 
0.428998 	 33.025269 	 23.836071 	 
0.429998 	 32.897636 	 23.906778 	 
0.430998 	 32.768227 	 23.974613 	 
0.431998 	 32.637157 	 24.039509 	 
0.432998 	 32.504555 	 24.101402 	 
0.433998 	 32.370533 	 24.160233 	 
0.434998 	 32.235218 	 24.215944 	 
0.435998 	 32.098732 	 24.268486 	 
0.436998 	 31.961195 	 24.317808 	 
0.437998 	 31.822731 	 24.363867 	 
0.438998 	 31.683458 	 24.406622 	 
0.439998 	 31.543499 	 24.446039 	 
0.440998 	 31.402973 	 24.482084 	 
0.441998 	 31.261999 	 24.514732 	 
0.442998 	 31.120695 	 24.543959 	 
0.443998 	 30.979177 	 24.569744 	 
0.444998 	 30.837563 	 24.592073 	 
0.445998 	 30.695963 	 24.610937 	 
0.446998 	 30.554489 	 24.626329 	 
0.447998 	 30.413254 	 24.638247 	 
0.448998 	 30.272362 	 24.646692 	 
0.449998 	 30.131922 	 24.651672 	 
0.450998 	 29.992035 	 24.653196 	 
0.451998 	 29.852804 	 24.651279 	 
0.452998 	 29.714327 	 24.645941 	 
0.453998 	 29.576700 	 24.637199 	 
0.454998 	 29.440020 	 24.625084 	 
0.455998 	 29.304375 	 24.609623 	 
0.456998 	 29.169855 	 24.590849 	 
0.457998 	 29.036545 	 24.568798 	 
0.458998 	 28.904528 	 24.543510 	 
0.459998 	 28.773886 	 24.515028 	 
0.460998 	 28.644695 	 24.483397 	 
0.461998 	 28.517033 	 24.448666 	 
0.462998 	 28.390968 	 24.410887 	 
0.463998 	 28.266571 	 24.370113 	 
0.464998 	 28.143909 	 24.326403 	 
0.465998 	 28.023045 	 24.279814 	 
0.466998 	 27.904039 	 24.230406 	 
0.467998 	 27.786951 	 24.178244 	 
0.468998 	 27.671835 	 24.123394 	 
0.469997 	 27.558744 	 24.065922 	 
0.470997 	 27.447729 	 24.005896 	 
0.471997 	 27.338837 	 23.943386 	 
0.472997 	 27.232111 	 23.878464 	 
0.473997 	 27.127596 	 23.811203 	 
0.474997 	 27.025330 	 23.741676 	 
0.475997 	 26.925352 	 23.669960 	 
0.476997 	 26.827696 	 23.596127 	 
0.477997 	 26.732395 	 23.520254 	 
0.478997 	 26.639481 	 23.442419 	 
0.479997 	 26.548983 	 23.362700 	 
0.480997 	 26.460924 	 23.281172 	 
0.481997 	 26.375332 	 23.197914 	 
0.482997 	 26.292229 	 23.113005 	 
0.483997 	 26.211634 	 23.026522 	 
0.484997 	 26.133566 	 22.938543 	 
0.485997 	 26.058041 	 22.849146 	 
0.486997 	 25.985075 	 22.758406 	 
0.487997 	 25.914682 	 22.666401 	 
0.488997 	 25.846874 	 22.573210 	 
0.489997 	 25.781660 	 22.478907 	 
0.490997 	 25.719049 	 22.383566 	 
0.491997 	 25.659050 	 22.287264 	 
0.492997 	 25.601667 	 22.190073 	 
0.493997 	 25.546907 	 22.092068 	 
0.494997 	 25.494772 	 21.993320 	 
0.495997 	 25.445265 	 21.893902 	 
0.496997 	 25.398388 	 21.793882 	 
0.497997 	 25.354139 	 21.693331 	 
0.498997 	 25.312519 	 21.592316 	 
0.499997 	 25.273525 	 21.490906 	 
0.500997 	 25.237156 	 21.389166 	 
0.501997 	 25.203405 	 21.287161 	 
0.502997 	 25.172272 	 21.184956 	 
0.503997 	 25.143747 	 21.082613 	 
0.504997 	 25.117828 	 20.980192 	 
0.505997 	 25.094505 	 20.877756 	 
0.506997 	 25.073772 	 20.775362 	 
0.507997 	 25.055622 	 20.673069 	 
0.508997 	 25.040043 	 20.570932 	 
0.509997 	 25.027027 	 20.469007 	 
0.510997 	 25.016565 	 20.367350 	 
0.511997 	 25.008646 	 20.266010 	 
0.512997 	 25.003260 	 20.165041 	 
0.513997 	 25.000393 	 20.064491 	 
0.514997 	 25.000034 	 19.964411 	 
0.515997 	 25.002172 	 19.864847 	 
0.516997 	 25.006792 	 19.765848 	 
0.517997 	 25.013882 	 19.667458 	 
0.518997 	 25.023428 	 19.569719 	 
0.519997 	 25.035416 	 19.472677 	 
0.520997 	 25.049831 	 19.376371 	 
0.521997 	 25.066660 	 19.280844 	 
0.522997 	 25.085886 	 19.186132 	 
0.523997 	 25.107494 	 19.092278 	 
0.524997 	 25.131468 	 18.999313 	 
0.525997 	 25.157791 	 18.907278 	 
0.526997 	 25.186449 	 18.816206 	 
0.527997 	 25.217424 	 18.726131 	 
0.528997 	 25.250698 	 18.637087 	 
0.529997 	 25.286255 	 18.549105 	 
0.530997 	 25.324076 	 18.462214 	 
0.531997 	 25.364143 	 18.376446 	 
0.532997 	 25.406439 	 18.291830 	 
0.533997 	 25.450943 	 18.208395 	 
0.534997 	 25.497637 	 18.126167 	 
0.535997 	 25.546501 	 18.045172 	 
0.536997 	 25.597517 	 17.965437 	 
0.537997 	 25.650663 	 17.886986 	 
0.538997 	 25.705919 	 17.809841 	 
0.539997 	 25.763266 	 17.734028 	 
0.540997 	 25.822680 	 17.659569 	 
0.541997 	 25.884140 	 17.586485 	 
0.542997 	 25.947624 	 17.514799 	 
0.543997 	 26.013111 	 17.444530 	 
0.544997 	 26.080578 	 17.375698 	 
0.545997 	 26.150000 	 17.308323 	 
0.546997 	 26.221354 	 17.242422 	 
0.547997 	 26.294617 	 17.178015 	 
0.548997 	 26.369762 	 17.115118 	 
0.549996 	 26.446766 	 17.053749 	 
0.550996 	 26.525602 	 16.993923 	 
0.551996 	 26.606245 	 16.935659 	 
0.552996 	 26.688665 	 16.878971 	 
0.553996 	 26.772839 	 16.823874 	 
0.554996 	 26.858736 	 16.770382 	 
0.555996 	 26.946327 	 16.718512 	 
0.556996 	 27.035585 	 16.668274 	 
0.557996 	 27.126480 	 16.619684 	 
0.558996 	 27.218981 	 16.572756 	 
0.559996 	 27.313055 	 16.527502 	 
0.560996 	 27.408672 	 16.483936 	 
0.561996 	 27.505798 	 16.442070 	 
0.562996 	 27.604401 	 16.401915 	 
0.563996 	 27.704445 	 16.363483 	 
0.564996 	 27.805897 	 16.326786 	 
0.565996 	 27.908720 	 16.291836 	 
0.566996 	 28.012878 	 16.258642 	 
0.567996 	 28.118334 	 16.227217 	 
0.568996 	 28.225048 	 16.197571 	 
0.569996 	 28.332983 	 16.169714 	 
0.570996 	 28.442097 	 16.143658 	 
0.571996 	 28.552349 	 16.119411 	 
0.572996 	 28.663698 	 16.096985 	 
0.573996 	 28.776100 	 16.076389 	 
0.574996 	 28.889511 	 16.057632 	 
0.575996 	 29.003887 	 16.040724 	 
0.576996 	 29.119181 	 16.025675 	 
0.577996 	 29.235346 	 16.012493 	 
0.578996 	 29.352333 	 16.001186 	 
0.579996 	 29.470095 	 15.991765 	 
0.580996 	 29.588579 	 15.984238 	 
0.581996 	 29.707735 	 15.978612 	 
0.582996 	 29.827511 	 15.974897 	 
0.583996 	 29.947853 	 15.973101 	 
0.584996 	 30.068705 	 15.973231 	 
0.585996 	 30.190012 	 15.975296 	 
0.586996 	 30.311716 	 15.979302 	 
0.587996 	 30.433760 	 15.985258 	 
0.588996 	 30.556084 	 15.993170 	 
0.589996 	 30.678625 	 16.003046 	 
0.590996 	 30.801325 	 16.014891 	 
0.591996 	 30.924118 	 16.028711 	 
0.592996 	 31.046942 	 16.044516 	 
0.593996 	 31.169729 	 16.062307 	 
0.594996 	 31.292414 	 16.082092 	 
0.595996 	 31.414928 	 16.103876 	 
0.596996 	 31.537205 	 16.127665 	 
0.597996 	 31.659172 	 16.153461 	 
0.598996 	 31.780760 	 16.181269 	 
0.599996 	 31.901896 	 16.211092 	 
0.600996 	 32.022507 	 16.242933 	 
0.601996 	 32.142517 	 16.276796 	 
0.602996 	 32.261852 	 16.312681 	 
0.603996 	 32.380436 	 16.350592 	 
0.604996 	 32.498188 	 16.390528 	 
0.605996 	 32.615036 	 16.432487 	 
0.606996 	 32.730896 	 16.476473 	 
0.607996 	 32.845688 	 16.522482 	 
0.608996 	 32.959335 	 16.570511 	 
0.609996 	 33.071754 	 16.620560 	 
0.610996 	 33.182861 	 16.672623 	 
0.611996 	 33.292576 	 16.726696 	 
0.612996 	 33.400814 	 16.782774 	 
0.613996 	 33.507488 	 16.840849 	 
0.614996 	 33.612518 	 16.900915 	 
0.615996 	 33.715820 	 16.962963 	 
0.616996 	 33.817307 	 17.026981 	 
0.617996 	 33.916893 	 17.092960 	 
0.618996 	 34.014496 	 17.160887 	 
0.619996 	 34.110031 	 17.230747 	 
0.620996 	 34.203411 	 17.302526 	 
0.621996 	 34.294552 	 17.376209 	 
0.622996 	 34.383369 	 17.451777 	 
0.623996 	 34.469780 	 17.529207 	 
0.624996 	 34.553699 	 17.608482 	 
0.625996 	 34.635048 	 17.689577 	 
0.626996 	 34.713741 	 17.772469 	 
0.627995 	 34.789700 	 17.857130 	 
0.628995 	 34.862839 	 17.943533 	 
0.629995 	 34.933083 	 18.031647 	 
0.630995 	 35.000355 	 18.121439 	 
0.631995 	 35.064579 	 18.212877 	 
0.632995 	 35.125683 	 18.305923 	 
0.633995 	 35.183590 	 18.400541 	 
0.634995 	 35.238232 	 18.496689 	 
0.635995 	 35.289536 	 18.594324 	 
0.636995 	 35.337440 	 18.693401 	 
0.637995 	 35.381878 	 18.793875 	 
0.638995 	 35.422787 	 18.895695 	 
0.639995 	 35.460110 	 18.998810 	 
0.640995 	 35.493790 	 19.103167 	 
0.641995 	 35.523773 	 19.208708 	 
0.642995 	 35.550007 	 19.315376 	 
0.643995 	 35.572449 	 19.423109 	 
0.644995 	 35.591049 	 19.531845 	 
0.645995 	 35.605770 	 19.641518 	 
0.646995 	 35.616577 	 19.752058 	 
0.647995 	 35.623432 	 19.863396 	 
0.648995 	 35.626308 	 19.975458 	 
0.649995 	 35.625179 	 20.088171 	 
0.650995 	 35.620026 	 20.201456 	 
0.651995 	 35.610828 	 20.315235 	 
0.652995 	 35.597576 	 20.429426 	 
0.653995 	 35.580257 	 20.543945 	 
0.654995 	 35.558868 	 20.658707 	 
0.655995 	 35.533413 	 20.773623 	 
0.656995 	 35.503891 	 20.888603 	 
0.657995 	 35.470318 	 21.003557 	 
0.658995 	 35.432701 	 21.118393 	 
0.659995 	 35.391064 	 21.233015 	 
0.660995 	 35.345428 	 21.347328 	 
0.661995 	 35.295822 	 21.461235 	 
0.662995 	 35.242279 	 21.574636 	 
0.663995 	 35.184837 	 21.687433 	 
0.664995 	 35.123539 	 21.799524 	 
0.665995 	 35.058430 	 21.910810 	 
0.666995 	 34.989563 	 22.021189 	 
0.667995 	 34.916992 	 22.130558 	 
0.668995 	 34.840782 	 22.238815 	 
0.669995 	 34.760994 	 22.345860 	 
0.670995 	 34.677700 	 22.451588 	 
0.671995 	 34.590969 	 22.555899 	 
0.672995 	 34.500881 	 22.658689 	 
0.673995 	 34.407520 	 22.759861 	 
0.674995 	 34.310966 	 22.859314 	 
0.675995 	 34.211311 	 22.956949 	 
0.676995 	 34.108650 	 23.052668 	 
0.677995 	 34.003075 	 23.146376 	 
0.678995 	 33.894684 	 23.237978 	 
0.679995 	 33.783581 	 23.327381 	 
0.680995 	 33.669868 	 23.414495 	 
0.681995 	 33.553654 	 23.499233 	 
0.682995 	 33.435047 	 23.581509 	 
0.683995 	 33.314163 	 23.661238 	 
0.684995 	 33.191113 	 23.738340 	 
0.685995 	 33.066010 	 23.812738 	 
0.686995 	 32.938972 	 23.884357 	 
0.687995 	 32.810120 	 23.953125 	 
0.688995 	 32.679573 	 24.018974 	 
0.689995 	 32.547447 	 24.081842 	 
0.690995 	 32.413868 	 24.141666 	 
0.691995 	 32.278957 	 24.198389 	 
0.692995 	 32.142834 	 24.251957 	 
0.693995 	 32.005619 	 24.302322 	 
0.694995 	 31.867439 	 24.349438 	 
0.695995 	 31.728413 	 24.393263 	 
0.696995 	 31.588659 	 24.433760 	 
0.697995 	 31.448301 	 24.470896 	 
0.698995 	 31.307457 	 24.504641 	 
0.699995 	 31.166245 	 24.534971 	 
0.700995 	 31.024782 	 24.561867 	 
0.701995 	 30.883184 	 24.585312 	 
0.702995 	 30.741566 	 24.605293 	 
0.703995 	 30.600039 	 24.621803 	 
0.704994 	 30.458712 	 24.634840 	 
0.705994 	 30.317696 	 24.644403 	 
0.706994 	 30.177097 	 24.650499 	 
0.707994 	 30.037020 	 24.653135 	 
0.708994 	 29.897564 	 24.652325 	 
0.709994 	 29.758833 	 24.648085 	 
0.710994 	 29.620920 	 24.640436 	 
0.711994 	 29.483923 	 24.629404 	 
0.712994 	 29.347933 	 24.615017 	 
0.713994 	 29.213039 	 24.597305 	 
0.714994 	 29.079329 	 24.576305 	 
0.715994 	 28.946886 	 24.552055 	 
0.716994 	 28.815792 	 24.524595 	 
0.717994 	 28.686125 	 24.493973 	 
0.718994 	 28.557961 	 24.460234 	 
0.719994 	 28.431372 	 24.423429 	 
0.720994 	 28.306429 	 24.383614 	 
0.721994 	 28.183199 	 24.340841 	 
0.722994 	 28.061747 	 24.295172 	 
0.723994 	 27.942135 	 24.246664 	 
0.724994 	 27.824421 	 24.195381 	 
0.725994 	 27.708662 	 24.141388 	 
0.726994 	 27.594912 	 24.084751 	 
0.727994 	 27.483221 	 24.025539 	 
0.728994 	 27.373638 	 23.963821 	 
0.729994 	 27.266209 	 23.899668 	 
0.730994 	 27.160976 	 23.833151 	 
0.731994 	 27.057981 	 23.764345 	 
0.732994 	 26.957262 	 23.693325 	 
0.733994 	 26.858854 	 23.620165 	 
0.734994 	 26.762791 	 23.544941 	 
0.735994 	 26.669104 	 23.467730 	 
0.736994 	 26.577824 	 23.388607 	 
0.737994 	 26.488976 	 23.307653 	 
0.738994 	 26.402586 	 23.224943 	 
0.739994 	 26.318678 	 23.140556 	 
0.740994 	 26.237272 	 23.054571 	 
0.741994 	 26.158388 	 22.967064 	 
0.742994 	 26.082043 	 22.878113 	 
0.743994 	 26.008251 	 22.787796 	 
0.744994 	 25.937027 	 22.696190 	 
0.745994 	 25.868385 	 22.603371 	 
0.746994 	 25.802334 	 22.509417 	 
0.747994 	 25.738884 	 22.414400 	 
0.748994 	 25.678043 	 22.318398 	 
0.749994 	 25.619818 	 22.221483 	 
0.750994 	 25.564213 	 22.123732 	 
0.751994 	 25.511232 	 22.025213 	 
0.752994 	 25.460878 	 21.926001 	 
0.753994 	 25.413155 	 21.826166 	 
0.754994 	 25.368059 	 21.725777 	 
0.755994 	 25.325592 	 21.624903 	 
0.756994 	 25.285753 	 21.523611 	 
0.757994 	 25.248539 	 21.421968 	 
0.758994 	 25.213945 	 21.320042 	 
0.759994 	 25.181969 	 21.217894 	 
0.760994 	 25.152605 	 21.115587 	 
0.761994 	 25.125847 	 21.013184 	 
0.762994 	 25.101688 	 20.910746 	 
0.763994 	 25.080122 	 20.808331 	 
0.764994 	 25.061140 	 20.705997 	 
0.765994 	 25.044735 	 20.603804 	 
0.766994 	 25.030895 	 20.501804 	 
0.767994 	 25.019613 	 20.400053 	 
0.768994 	 25.010878 	 20.298603 	 
0.769994 	 25.004677 	 20.197508 	 
0.770994 	 25.000999 	 20.096817 	 
0.771994 	 24.999834 	 19.996580 	 
0.772994 	 25.001169 	 19.896845 	 
0.773994 	 25.004992 	 19.797659 	 
0.774994 	 25.011288 	 19.699066 	 
0.775994 	 25.020044 	 19.601112 	 
0.776994 	 25.031248 	 19.503839 	 
0.777994 	 25.044884 	 19.407291 	 
0.778994 	 25.060938 	 19.311508 	 
0.779994 	 25.079393 	 19.216530 	 
0.780994 	 25.100237 	 19.122395 	 
0.781994 	 25.123451 	 19.029139 	 
0.782993 	 25.149021 	 18.936800 	 
0.783993 	 25.176929 	 18.845413 	 
0.784993 	 25.207161 	 18.755013 	 
0.785993 	 25.239697 	 18.665632 	 
0.786993 	 25.274521 	 18.577303 	 
0.787993 	 25.311615 	 18.490057 	 
0.788993 	 25.350962 	 18.403925 	 
0.789993 	 25.392542 	 18.318935 	 
0.790993 	 25.436337 	 18.235117 	 
0.791993 	 25.482328 	 18.152496 	 
0.792993 	 25.530497 	 18.071100 	 
0.793993 	 25.580822 	 17.990955 	 
0.794993 	 25.633286 	 17.912086 	 
0.795993 	 25.687864 	 17.834518 	 
0.796993 	 25.744539 	 17.758274 	 
0.797993 	 25.803289 	 17.683376 	 
0.798993 	 25.864094 	 17.609848 	 
0.799993 	 25.926929 	 17.537708 	 
0.800993 	 25.991776 	 17.466980 	 
0.801993 	 26.058607 	 17.397682 	 
0.802993 	 26.127403 	 17.329836 	 
0.803993 	 26.198139 	 17.263458 	 
0.804993 	 26.270790 	 17.198568 	 
0.805993 	 26.345333 	 17.135183 	 
0.806993 	 26.421741 	 17.073320 	 
0.807993 	 26.499990 	 17.012997 	 
0.808993 	 26.580055 	 16.954227 	 
0.809993 	 26.661907 	 16.897030 	 
0.810993 	 26.745520 	 16.841417 	 
0.811993 	 26.830866 	 16.787407 	 
0.812993 	 26.917915 	 16.735012 	 
0.813993 	 27.006641 	 16.684248 	 
0.814993 	 27.097013 	 16.635126 	 
0.815993 	 27.189001 	 16.587662 	 
0.816993 	 27.282572 	 16.541868 	 
0.817993 	 27.377695 	 16.497757 	 
0.818993 	 27.474340 	 16.455341 	 
0.819993 	 27.572472 	 16.414633 	 
0.820993 	 27.672056 	 16.375645 	 
0.821993 	 27.773060 	 16.338388 	 
0.822993 	 27.875446 	 16.302874 	 
0.823993 	 27.979179 	 16.269114 	 
0.824993 	 28.084223 	 16.237118 	 
0.825993 	 28.190536 	 16.206898 	 
0.826993 	 28.298082 	 16.178465 	 
0.827993 	 28.406822 	 16.151829 	 
0.828993 	 28.516712 	 16.126999 	 
0.829993 	 28.627712 	 16.103985 	 
0.830993 	 28.739780 	 16.082798 	 
0.831993 	 28.852873 	 16.063448 	 
0.832993 	 28.966944 	 16.045944 	 
0.833993 	 29.081947 	 16.030294 	 
0.834993 	 29.197838 	 16.016510 	 
0.835993 	 29.314568 	 16.004599 	 
0.836993 	 29.432087 	 15.994569 	 
0.837993 	 29.550344 	 15.986430 	 
0.838993 	 29.669291 	 15.980191 	 
0.839993 	 29.788874 	 15.975860 	 
0.840993 	 29.909040 	 15.973445 	 
0.841993 	 30.029736 	 15.972954 	 
0.842993 	 30.150904 	 15.974395 	 
0.843993 	 30.272488 	 15.977776 	 
0.844993 	 30.394428 	 15.983103 	 
0.845993 	 30.516668 	 15.990384 	 
0.846993 	 30.639147 	 15.999626 	 
0.847993 	 30.761803 	 16.010836 	 
0.848993 	 30.884573 	 16.024019 	 
0.849993 	 31.007395 	 16.039185 	 
0.850993 	 31.130201 	 16.056335 	 
0.851993 	 31.252928 	 16.075480 	 
0.852993 	 31.375505 	 16.096621 	 
0.853993 	 31.497868 	 16.119762 	 
0.854993 	 31.619944 	 16.144911 	 
0.855993 	 31.741661 	 16.172071 	 
0.856993 	 31.862951 	 16.201246 	 
0.857993 	 31.983740 	 16.232437 	 
0.858993 	 32.103951 	 16.265650 	 
0.859993 	 32.223511 	 16.300884 	 
0.860992 	 32.342346 	 16.338142 	 
0.861992 	 32.460377 	 16.377426 	 
0.862992 	 32.577526 	 16.418734 	 
0.863992 	 32.693714 	 16.462067 	 
0.864992 	 32.808861 	 16.507423 	 
0.865992 	 32.922886 	 16.554802 	 
0.866992 	 33.035709 	 16.604200 	 
0.867992 	 33.147247 	 16.655615 	 
0.868992 	 33.257420 	 16.709042 	 
0.869992 	 33.366142 	 16.764475 	 
0.870992 	 33.473331 	 16.821907 	 
0.871992 	 33.578903 	 16.881332 	 
0.872992 	 33.682774 	 16.942743 	 
0.873992 	 33.784855 	 17.006128 	 
0.874992 	 33.885063 	 17.071478 	 
0.875992 	 33.983315 	 17.138779 	 
0.876992 	 34.079525 	 17.208019 	 
0.877992 	 34.173611 	 17.279182 	 
0.878992 	 34.265484 	 17.352255 	 
0.879992 	 34.355061 	 17.427217 	 
0.880992 	 34.442257 	 17.504051 	 
0.881992 	 34.526989 	 17.582735 	 
0.882992 	 34.609177 	 17.663248 	 
0.883992 	 34.688732 	 17.745565 	 
0.884992 	 34.765579 	 17.829660 	 
0.885992 	 34.839634 	 17.915506 	 
0.886992 	 34.910820 	 18.003073 	 
0.887992 	 34.979057 	 18.092329 	 
0.888992 	 35.044273 	 18.183241 	 
0.889992 	 35.106388 	 18.275774 	 
0.890992 	 35.165333 	 18.369890 	 
0.891992 	 35.221035 	 18.465549 	 
0.892992 	 35.273422 	 18.562710 	 
0.893992 	 35.322430 	 18.661329 	 
0.894992 	 35.367992 	 18.761360 	 
0.895992 	 35.410046 	 18.862753 	 
0.896992 	 35.448532 	 18.965458 	 
0.897992 	 35.483391 	 19.069422 	 
0.898992 	 35.514572 	 19.174589 	 
0.899992 	 35.542019 	 19.280903 	 
0.900992 	 35.565685 	 19.388302 	 
0.901992 	 35.585529 	 19.496723 	 
0.902992 	 35.601505 	 19.606102 	 
0.903992 	 35.613575 	 19.716372 	 
0.904992 	 35.621708 	 19.827461 	 
0.905992 	 35.625870 	 19.939301 	 
0.906992 	 35.626034 	 20.051813 	 
0.907992 	 35.622177 	 20.164925 	 
0.908992 	 35.614285 	 20.278555 	 
0.909992 	 35.602337 	 20.392624 	 
0.910992 	 35.586327 	 20.507048 	 
0.911992 	 35.566250 	 20.621740 	 
0.912992 	 35.542103 	 20.736616 	 
0.913992 	 35.513889 	 20.851587 	 
0.914992 	 35.481617 	 20.966562 	 
0.915992 	 35.445301 	 21.081448 	 
0.916992 	 35.404957 	 21.196150 	 
0.917992 	 35.360607 	 21.310574 	 
0.918992 	 35.312275 	 21.424622 	 
0.919992 	 35.259995 	 21.538197 	 
0.920992 	 35.203804 	 21.651199 	 
0.921992 	 35.143742 	 21.763531 	 
0.922992 	 35.079853 	 21.875088 	 
0.923992 	 35.012188 	 21.985771 	 
0.924992 	 34.940804 	 22.095478 	 
0.925992 	 34.865757 	 22.204105 	 
0.926992 	 34.787113 	 22.311552 	 
0.927992 	 34.704937 	 22.417717 	 
0.928992 	 34.619305 	 22.522497 	 
0.929992 	 34.530289 	 22.625790 	 
0.930992 	 34.437969 	 22.727495 	 
0.931992 	 34.342434 	 22.827513 	 
0.932992 	 34.243767 	 22.925745 	 
0.933992 	 34.142063 	 23.022093 	 
0.934992 	 34.037415 	 23.116459 	 
0.935992 	 33.929916 	 23.208750 	 
0.936992 	 33.819675 	 23.298872 	 
0.937991 	 33.706791 	 23.386734 	 
0.938991 	 33.591370 	 23.472246 	 
0.939991 	 33.473522 	 23.555325 	 
0.940991 	 33.353359 	 23.635883 	 
0.941991 	 33.230991 	 23.713840 	 
0.942991 	 33.106537 	 23.789118 	 
0.943991 	 32.980110 	 23.861639 	 
0.944991 	 32.851830 	 23.931334 	 
0.945991 	 32.721813 	 23.998131 	 
0.946991 	 32.590183 	 24.061966 	 
0.947991 	 32.457058 	 24.122776 	 
0.948991 	 32.322559 	 24.180504 	 
0.949991 	 32.186813 	 24.235094 	 
0.950991 	 32.049938 	 24.286495 	 
0.951991 	 31.912054 	 24.334661 	 
0.952991 	 31.773285 	 24.379551 	 
0.953991 	 31.633751 	 24.421124 	 
0.954991 	 31.493574 	 24.459345 	 
0.955991 	 31.352873 	 24.494184 	 
0.956991 	 31.211765 	 24.525618 	 
0.957991 	 31.070370 	 24.553621 	 
0.958991 	 30.928802 	 24.578178 	 
0.959991 	 30.787176 	 24.599276 	 
0.960991 	 30.645605 	 24.616905 	 
0.961991 	 30.504200 	 24.631062 	 
0.962991 	 30.363071 	 24.641743 	 
0.963991 	 30.222326 	 24.648954 	 
0.964991 	 30.082067 	 24.652704 	 
0.965991 	 29.942400 	 24.653002 	 
0.966991 	 29.803423 	 24.649864 	 
0.967991 	 29.665236 	 24.643311 	 
0.968991 	 29.527933 	 24.633366 	 
0.969991 	 29.391607 	 24.620054 	 
0.970991 	 29.256350 	 24.603409 	 
0.971991 	 29.122248 	 24.583464 	 
0.972991 	 28.989386 	 24.560255 	 
0.973991 	 28.857847 	 24.533825 	 
0.974991 	 28.727711 	 24.504215 	 
0.975991 	 28.599052 	 24.471474 	 
0.976991 	 28.471947 	 24.435652 	 
0.977991 	 28.346466 	 24.396799 	 
0.978991 	 28.222677 	 24.354973 	 
0.979991 	 28.100645 	 24.310230 	 
0.980991 	 27.980433 	 24.262629 	 
0.981991 	 27.862101 	 24.212233 	 
0.982991 	 27.745707 	 24.159105 	 
0.983991 	 27.631304 	 24.103313 	 
0.984991 	 27.518944 	 24.044922 	 
0.985991 	 27.408676 	 23.984003 	 
0.986991 	 27.300547 	 23.920626 	 
0.987991 	 27.194601 	 23.854862 	 
0.988991 	 27.090879 	 23.786785 	 
0.989991 	 26.989422 	 23.716469 	 
0.990991 	 26.890265 	 23.643988 	 
0.991991 	 26.793442 	 23.569418 	 
0.992991 	 26.698986 	 23.492838 	 
0.993991 	 26.606928 	 23.414322 	 
0.994991 	 26.517294 	 23.333948 	 
0.995991 	 26.430109 	 23.251795 	 
0.996991 	 26.345398 	 23.167940 	 
0.997991 	 26.263184 	 23.082460 	 
